272.4771232570235 841.7371140633652
89.7867577524802 29.91561717589026
239.79715916550032 16.518610254665035
21.29549363833641 53.36778948276932
145.2465277325366 6.04594678480437
313.7226706112304 181.59829722146728
23.116385753359594 65.44735090875845
213.43082327817055 218.72540277633962
120.89033538330774 197.84050826339927
161.5435449511524 101.95909578205831
320.8861769775789 82.80070057377475
112.41282448944487 121.40524597322876
136.06040043250476 159.1505861571438
288.40911624453145 292.0140569893554
227.6543897036279 8.942103163063532
332.31517055555696 85.04930975760573
29.787855537652376 171.28139862169976
185.51180063013246 304.7102155515769
216.8385501211932 17.818942727106155
226.1251873068172 65.52649727801138
292.86606671791475 924.3080676787193
289.3481922955078 2566.5284260686612
34.418862900179505 226.89011855962337
27.045544190491768 72.81291183875788
322.9244598105007 73.94359339923949
305.2287903768719 636.1582594441037
300.52017707445543 77.96846527187206
144.1143344474954 458.9489160375456
6.121356336027162 416.62283157771304
