185.09289961300755 481.2902763880448
186.15398640035366 386.92666072744566
108.2524312311856 115.19124335676396
172.6082821205178 39.72779935868074
129.75171641476237 1286.3910723946844
115.22386091811603 932.4092791422861
171.6888490784291 1361.8401076915227
353.955677385052 441.0892800442869
182.14323675751868 150.8664385210365
144.52171565885706 862.6160870557709
335.0490203870089 165.48257956378615
106.38202644940095 23.234505374844403
181.91568149832742 158.51048218187734
119.25718861079372 1673.246441866027
199.78010170803054 210.25911818974595
33.112129054378215 123.91403043970287
156.37268292973 205.64320731398823
333.0112305786062 439.6333775443746
25.018343054785134 115.64450431437133
248.9938998651499 65.6701842767377
36.257952326304775 32.250341539150625
324.2871044808744 133.45449826166225
49.06597603282296 138.77275868381872
177.77926719688332 63.32250105043762
324.82724300435996 27.657833343793584
121.74965954840242 85.09320088287096
310.44654895213864 209.4325039129331
67.46552505516466 21.414592030781698
231.29410878177467 8.645644372673358
